# Execute 5 runs of a regular NN with 2 100-wide hidden layers, then 5 more with the same structure but with the added CP layer.
10
42
0
2000 100 20 0.0001
0.95 0.05
100
1.0
0.5
100 100
GD
42
4
2000 100 20 0.0001
0.95 0.05
100
1.0
0.5
100 100
GD
1024
0
2000 100 20 0.0001
0.95 0.05
100
1.0
0.5
100 100
GD
1024
4
2000 100 20 0.0001
0.95 0.05
100
1.0
0.5
100 100
GD
0125
0
2000 100 20 0.0001
0.95 0.015
100
1.0
0.5
100 100
GD
0125
4
2000 100 20 0.0001
0.95 0.05
100
1.0
0.5
100 100
GD
1112
0
2000 100 20 0.0001
0.95 0.05
100
1.0
0.5
100 100
GD
1112
4
2000 100 20 0.0001
0.95 0.05
100
1.0
0.5
100 100
GD
831931061
0
2000 100 20 0.0001
0.95 0.05
100
1.0
0.5
100 100
GD
831931061
4
2000 100 20 0.0001
0.95 0.05
100
1.0
0.5
100 100
GD
